1 0.5472747497219133 0.16134751773049646 0.0055617352614015575 0.008865248226950355
1 0.8743047830923248 0.4929078014184397 0.020022246941045607 0.040780141843971635
0 0.3470522803114572 0.4166666666666667 0.012235817575083427 0.01773049645390071
0 0.3259176863181313 0.3971631205673759 0.010011123470522803 0.010638297872340425
1 0.4593993325917686 0.75177304964539 0.01557285873192436 0.024822695035460994
1 0.43159065628476084 0.7056737588652482 0.017797552836484983 0.024822695035460994
0 0.35372636262513907 0.7021276595744681 0.013348164627363738 0.02304964539007092
1 0.16017797552836485 0.5549645390070922 0.013348164627363738 0.01950354609929078
1 0.2925472747497219 0.3882978723404255 0.014460511679644048 0.02127659574468085
1 0.4549499443826474 0.3173758865248227 0.010011123470522803 0.01950354609929078
1 0.6340378197997776 0.38475177304964536 0.010011123470522803 0.01950354609929078
1 0.760845383759733 0.526595744680851 0.008898776418242492 0.015957446808510637
1 0.9110122358175751 0.48404255319148937 0.008898776418242492 0.012411347517730497
1 0.4827586206896552 0.1524822695035461 0.004449388209121246 0.005319148936170213
