0 0.8347770291947385 0.40957923008057295 0.05004812319538017 0.0801253357206804
0 0.7747834456207893 0.35452103849597133 0.0301572024382419 0.0702775290957923
0 0.8796920115495669 0.41450313339301703 0.05999358357394931 0.10966875559534467
0 0.5296759704844402 0.40957923008057295 0.04010266281681104 0.09982094897045658
0 0.1395572666025024 0.38943598925693823 0.05999358357394931 0.09982094897045658
0 0.3795316008982996 0.37958818263205013 0.05999358357394931 0.11996418979409132
0 0.73981392364453 0.3845120859444942 0.03978184151427655 0.08997314234556848
0 0.7096567212062881 0.37958818263205013 0.04010266281681104 0.09982094897045658
1 0.5896695540583895 0.39480752014324083 0.05999358357394931 0.11011638316920322
0 0.9878087905036894 0.3701880035810206 0.023740776387552134 0.0747538048343778
